1366859991|--cpu:2601,7154,4929,445,1854,746231,672,0,0
1366859993|--cpu:2602,7156,4929,445,1856,746338,672,0,0
1366859993|--cpu:2603,7158,4929,446,1856,746395,672,0,0
1366860603|--cpu:2668,7383,4929,466,2000,806954,672,0,0
1366860662|--cpu:2671,7394,4930,468,2014,812823,672,0,0
1366860768|--cpu:2678,7416,4930,471,2042,823276,672,0,0
1366860806|--cpu:2681,7426,4930,472,2054,827088,672,0,0
1366860808|--cpu:2681,7428,4930,472,2054,827269,672,0,0
1366860839|--cpu:2736,7502,4930,473,2062,830295,672,0,0|--mem:187756,0,42756,220072,515316,0
1366861615|--cpu:2760,7612,4933,492,2256,907465,672,0,0
1366861618|--cpu:2761,7614,4933,492,2257,907739,672,0,0
1366861618|--cpu:2762,7616,4933,492,2258,907819,672,0,0
1366861633|--cpu:2766,7628,4933,493,2261,909264,672,0,0|--mem:186640,0,43960,220112,515316,0
1366861634|--cpu:2767,7630,4933,493,2261,909385,672,0,0|--mem:186640,0,43960,220112,515316,0
1366861708|--cpu:2773,7651,4933,496,2285,916727,672,0,0|--mem:186516,0,44072,220116,515316,0|--swap:0,0
1366861974|--cpu:1770,2933,1312,51,576,13522,16,0,0|--mem:310172,0,12396,139908,515316,0|--swap:0,0
1366862000|--cpu:1776,2950,1360,53,592,16005,16,0,0|--tcp:0,1,176,141,0
1366863556|--cpu:1913,3379,1480,100,1753,169650,16,0,0|--tcp:0,1,1376,1282,0
1366863584|--cpu:1923,3393,1480,102,1775,172380,16,0,0|--tcp:0,1,1490,1385,0
1366863596|--cpu:1927,3402,1480,102,1785,173570,16,0,0|--tcp:0,1,1556,1445,1
